90 13.40682601928711 0.36934420466423035 0.254312127828598 
91 13.784585952758789 0.3933996260166168 0.24787786602973938 
92 13.604337692260742 0.377000629901886 0.25216585397720337 
93 13.523873329162598 0.3633909225463867 0.2545001804828644 
93 13.799592971801758 0.38556814193725586 0.25116774439811707 
94 13.611838340759277 0.3805318772792816 0.25518307089805603 
95 13.586052894592285 0.38678866624832153 0.24769644439220428 
96 13.675783157348633 0.38761118054389954 0.2545296549797058 
97 13.36447811126709 0.35861507058143616 0.2548646330833435 
98 13.479372024536133 0.38821426033973694 0.24644029140472412 
99 13.619805335998535 0.3722565472126007 0.2534554600715637 
100 14.149011611938477 0.39394137263298035 0.25440463423728943 
101 13.673664093017578 0.3851010799407959 0.2546609938144684 
102 13.6535005569458 0.36992931365966797 0.25450143218040466 
103 13.848041534423828 0.39100974798202515 0.25326278805732727 
104 13.888303756713867 0.38748785853385925 0.2536793649196625 
105 13.651132583618164 0.3737204670906067 0.25334471464157104 
106 13.692400932312012 0.38713589310646057 0.2533041536808014 
107 13.738107681274414 0.37288010120391846 0.2545135021209717 
108 13.746575355529785 0.38836732506752014 0.25416964292526245 
109 13.468396186828613 0.3559392988681793 0.25710329413414 
110 13.644832611083984 0.3912786543369293 0.2513042092323303 
111 13.431349754333496 0.3740052282810211 0.2540212571620941 
112 13.563106536865234 0.3743499517440796 0.25643157958984375 
113 13.5775785446167 0.36219680309295654 0.25865301489830017 
114 13.387200355529785 0.360298752784729 0.25491946935653687 
115 13.578351974487305 0.3755857050418854 0.2515227496623993 
116 14.1416654586792 0.39172255992889404 0.2516327500343323 
117 14.059659957885742 0.3847595453262329 0.24869206547737122 
118 13.47323226928711 0.36701810359954834 0.25357189774513245 
119 13.474991798400879 0.3732646703720093 0.25303176045417786 
120 13.465476036071777 0.36393269896507263 0.2572791874408722 
121 13.804295539855957 0.3965494632720947 0.24716252088546753 
122 13.541897773742676 0.37289682030677795 0.24959510564804077 
123 13.541216850280762 0.38745811581611633 0.24763432145118713 
124 13.922737121582031 0.3825649321079254 0.2526591718196869 
125 13.421679496765137 0.3781028985977173 0.25155410170555115 
126 13.899147987365723 0.38609960675239563 0.25146880745887756 
127 13.342589378356934 0.3611726760864258 0.25674474239349365 
117 13.820186614990234 0.3938429355621338 0.25479719042778015 
118 13.638537406921387 0.38912245631217957 0.24978993833065033 
119 13.6705961227417 0.3775893747806549 0.25730371475219727 
120 13.54870891571045 0.36913612484931946 0.25526970624923706 
121 13.26528549194336 0.3528597354888916 0.25768715143203735 
122 13.426045417785645 0.38062357902526855 0.25464972853660583 
123 13.748130798339844 0.3757994472980499 0.2531251907348633 
124 13.927122116088867 0.396700382232666 0.2521398067474365 
125 13.58288288116455 0.3772944211959839 0.2560712397098541 
126 13.691221237182617 0.3915007412433624 0.24553373456001282 
127 13.395038604736328 0.3687562048435211 0.25559401512145996 
127 13.663317680358887 0.38392964005470276 0.25287389755249023 
127 13.65291976928711 0.381564199924469 0.2528054118156433 
127 13.728499412536621 0.3912063241004944 0.2544066309928894 
127 13.867149353027344 0.3963097929954529 0.24872568249702454 
128 13.818535804748535 0.394930899143219 0.25314247608184814 
129 13.655805587768555 0.377168744802475 0.25398409366607666 
130 13.614291191101074 0.38588470220565796 0.2468489557504654 
131 13.807600975036621 0.39593780040740967 0.25118693709373474 
132 13.755587577819824 0.3747134208679199 0.259068101644516 
133 13.883408546447754 0.3943995237350464 0.24763227999210358 
134 13.684603691101074 0.38733264803886414 0.2504764199256897 
135 13.690468788146973 0.3876015841960907 0.2527367174625397 
136 13.665921211242676 0.3793042004108429 0.25270846486091614 
137 13.864374160766602 0.3871152102947235 0.25400400161743164 
138 13.45170783996582 0.36013293266296387 0.25572308897972107 
139 13.415701866149902 0.37956690788269043 0.25215086340904236 
140 13.832759857177734 0.39190107583999634 0.25000494718551636 
141 13.91235065460205 0.39200225472450256 0.24985387921333313 
142 13.627098083496094 0.4079696238040924 0.24607571959495544 
143 14.025322914123535 0.4020124077796936 0.24835199117660522 
144 13.780230522155762 0.37293127179145813 0.25579124689102173 
145 13.52791690826416 0.3740094006061554 0.25621268153190613 
146 13.838529586791992 0.38292691111564636 0.25327691435813904 
147 13.77746295928955 0.38629472255706787 0.24813903868198395 
148 13.893292427062988 0.37906333804130554 0.25145095586776733 
149 13.40419864654541 0.38119179010391235 0.25880444049835205 
150 13.781134605407715 0.3854808509349823 0.25029319524765015 
151 13.365283966064453 0.3616918623447418 0.2581757605075836 
152 13.91246509552002 0.3830704391002655 0.2530950605869293 
153 13.623673439025879 0.3628784418106079 0.2572726905345917 
154 13.507828712463379 0.3700084388256073 0.2563652992248535 
155 13.619026184082031 0.377242773771286 0.24975624680519104 
156 13.705059051513672 0.38983026146888733 0.24916264414787292 
157 13.874835014343262 0.4066760241985321 0.25149989128112793 
158 13.490455627441406 0.3822140395641327 0.24906711280345917 
159 13.997907638549805 0.3922785818576813 0.24942661821842194 
160 13.66599178314209 0.36952945590019226 0.25820520520210266 
161 13.77315902709961 0.384409636259079 0.2551315724849701 
162 13.681892395019531 0.38536059856414795 0.25118178129196167 
163 13.669745445251465 0.37701600790023804 0.2533530294895172 
164 13.789676666259766 0.3719588816165924 0.2558695375919342 
165 13.756141662597656 0.3855990469455719 0.2523684501647949 
166 13.743084907531738 0.3685637414455414 0.2566419839859009 
167 13.861978530883789 0.40522196888923645 0.24443495273590088 
168 13.742363929748535 0.38892972469329834 0.25492486357688904 
169 13.81684684753418 0.39762094616889954 0.25013622641563416 
170 13.75803279876709 0.3693385720252991 0.2535383403301239 
171 14.211173057556152 0.38904133439064026 0.2539251446723938 
172 13.545676231384277 0.3863450288772583 0.2514723241329193 
173 13.9077787399292 0.3915617763996124 0.25155529379844666 
174 13.625977516174316 0.3872195780277252 0.25019797682762146 
175 13.671242713928223 0.36824071407318115 0.24949458241462708 
176 13.693863868713379 0.4071272611618042 0.24578014016151428 
177 13.90590763092041 0.41241446137428284 0.2479265332221985 
178 13.58657169342041 0.37002602219581604 0.2532680928707123 
179 13.864888191223145 0.3895455300807953 0.24636654555797577 
180 13.525277137756348 0.36631298065185547 0.25899767875671387 
181 14.132550239562988 0.4000509977340698 0.2528165876865387 
182 13.777453422546387 0.398062139749527 0.2544635236263275 
183 13.5600004196167 0.37726300954818726 0.25438734889030457 
184 13.98772144317627 0.4062134921550751 0.24639402329921722 
185 13.606438636779785 0.3758801817893982 0.2565269470214844 
186 14.022887229919434 0.3879561126232147 0.24727706611156464 
187 13.97134780883789 0.3885858654975891 0.25368502736091614 
188 13.587284088134766 0.3658527433872223 0.2558383345603943 
189 13.60033893585205 0.3878727853298187 0.25017866492271423 
190 13.630864143371582 0.365837961435318 0.2549375295639038 
191 13.777891159057617 0.37848931550979614 0.24873670935630798 
192 13.805736541748047 0.3794187903404236 0.25085386633872986 
193 14.188000679016113 0.3988524377346039 0.24975517392158508 
194 13.9475679397583 0.3878141939640045 0.24893701076507568 
195 14.294024467468262 0.38296419382095337 0.24919894337654114 
196 14.727890968322754 0.4033809006214142 0.24579700827598572 
197 14.680472373962402 0.3870282769203186 0.24532562494277954 
198 14.233126640319824 0.3936019837856293 0.2506903409957886 
199 14.579233169555664 0.413911372423172 0.24342621862888336 
200 14.379427909851074 0.39643487334251404 0.24559630453586578 
201 14.601205825805664 0.3928770124912262 0.2481280267238617 
202 14.632841110229492 0.40682345628738403 0.24677544832229614 
203 14.09119987487793 0.3920653462409973 0.25029152631759644 
204 14.501564025878906 0.400620698928833 0.2502012848854065 
205 14.766735076904297 0.3923177421092987 0.25185632705688477 
206 14.360304832458496 0.40814313292503357 0.24657762050628662 
207 14.758774757385254 0.40951281785964966 0.24705466628074646 
208 14.419928550720215 0.4054674506187439 0.2463361918926239 
209 14.792115211486816 0.39777275919914246 0.24718238413333893 
210 14.52369499206543 0.40031421184539795 0.2514737546443939 
211 14.386176109313965 0.3887476325035095 0.25024548172950745 
212 14.710951805114746 0.4189346432685852 0.2460326850414276 
213 14.368711471557617 0.3999878466129303 0.25039827823638916 
214 14.718433380126953 0.41166579723358154 0.24701718986034393 
215 14.4921293258667 0.40686458349227905 0.2479446977376938 
216 14.73405647277832 0.39548036456108093 0.24884243309497833 
217 14.839513778686523 0.43498021364212036 0.24294960498809814 
218 14.49560832977295 0.3990297317504883 0.25171804428100586 
219 14.497910499572754 0.3868008852005005 0.2532627284526825 
220 15.047050476074219 0.4117874205112457 0.2478252351284027 
221 14.358036994934082 0.3965076804161072 0.2511654496192932 
222 14.385136604309082 0.3972395658493042 0.24858537316322327 
223 14.681658744812012 0.40521013736724854 0.24920178949832916 
224 14.647269248962402 0.3969793915748596 0.2484438270330429 
225 14.456336975097656 0.4014769494533539 0.24998611211776733 
226 14.569817543029785 0.39991068840026855 0.2491379827260971 
227 14.640563011169434 0.41854041814804077 0.24510060250759125 
228 14.772642135620117 0.40561872720718384 0.24947847425937653 
229 15.068338394165039 0.4340810179710388 0.2420283406972885 
230 14.971243858337402 0.4302956163883209 0.24428410828113556 
231 15.044424057006836 0.43275249004364014 0.24461297690868378 
232 14.473401069641113 0.3892834782600403 0.252536803483963 
233 14.761584281921387 0.41478821635246277 0.24702386558055878 
234 14.974605560302734 0.41830724477767944 0.24274298548698425 
235 14.40169906616211 0.40214627981185913 0.24699601531028748 
236 14.734219551086426 0.407822847366333 0.24659086763858795 
237 14.662137031555176 0.4129303991794586 0.2497735470533371 
238 14.533970832824707 0.41823601722717285 0.2501744031906128 
239 14.659222602844238 0.401990681886673 0.24731391668319702 
240 14.218198776245117 0.3934587836265564 0.25384634733200073 
241 14.891473770141602 0.432895690202713 0.24305149912834167 
242 14.598102569580078 0.3924487829208374 0.24917878210544586 
243 14.334299087524414 0.40034958720207214 0.250605046749115 
244 14.804664611816406 0.3999813199043274 0.24710451066493988 
245 14.565672874450684 0.4110725522041321 0.24987362325191498 
246 14.366832733154297 0.40377211570739746 0.24959322810173035 
247 14.587810516357422 0.405331552028656 0.2508434057235718 
248 14.630400657653809 0.4097902476787567 0.24849694967269897 
249 14.872709274291992 0.4057362675666809 0.2468203902244568 
250 15.062139511108398 0.42350924015045166 0.24443863332271576 
251 14.251142501831055 0.38712024688720703 0.2545526921749115 
252 14.798089981079102 0.4139411747455597 0.2440851777791977 
253 14.759157180786133 0.4117664396762848 0.25057005882263184 
254 14.541765213012695 0.40841910243034363 0.24710175395011902 
255 14.6139554977417 0.3994249999523163 0.2492845356464386 
255 14.315210342407227 0.39956653118133545 0.25627198815345764 
256 14.804681777954102 0.43292129039764404 0.24125546216964722 
257 14.572612762451172 0.4051212668418884 0.24406391382217407 
258 14.8555326461792 0.4222201406955719 0.24557627737522125 
259 14.588218688964844 0.40155965089797974 0.24717465043067932 
260 14.638842582702637 0.4100644290447235 0.24878214299678802 
261 14.581478118896484 0.4046211540699005 0.2497102916240692 
262 14.701662063598633 0.40775197744369507 0.2495974600315094 
263 14.382137298583984 0.4023432433605194 0.2507832646369934 
264 14.863824844360352 0.40938320755958557 0.24666744470596313 
265 14.745762825012207 0.4133894741535187 0.24618478119373322 
266 14.60347843170166 0.403984010219574 0.24846401810646057 
267 14.415467262268066 0.39721375703811646 0.24937690794467926 
268 14.58236312866211 0.3925769329071045 0.2535274922847748 
269 14.449970245361328 0.39656171202659607 0.25368067622184753 
270 14.460883140563965 0.40536677837371826 0.24896545708179474 
271 14.49094009399414 0.4008122682571411 0.24829187989234924 
272 14.262280464172363 0.3797825574874878 0.2538846433162689 
273 14.578019142150879 0.4031763970851898 0.25074735283851624 
274 14.482522964477539 0.3957351744174957 0.25189054012298584 
275 14.596352577209473 0.3853856325149536 0.25272679328918457 
276 14.738004684448242 0.4119512140750885 0.246442049741745 
277 14.531684875488281 0.4039124548435211 0.24630704522132874 
278 14.923834800720215 0.40802931785583496 0.24768701195716858 
279 14.431049346923828 0.4046504497528076 0.2488226592540741 
280 14.444604873657227 0.3993229269981384 0.2509534955024719 
281 14.798286437988281 0.427482545375824 0.2413143664598465 
282 14.716194152832031 0.4099505543708801 0.2468261420726776 
283 14.947669982910156 0.4087716042995453 0.24333253502845764 
284 14.332695007324219 0.38276708126068115 0.25589343905448914 
285 14.962218284606934 0.4155026972293854 0.24479001760482788 
286 15.047545433044434 0.44323885440826416 0.23998917639255524 
287 14.742772102355957 0.41722482442855835 0.24753788113594055 
288 14.825784683227539 0.4151628315448761 0.24675048887729645 
289 14.363665580749512 0.4026051163673401 0.2454824000597 
290 14.6873140335083 0.4284301698207855 0.24418355524539948 
291 14.449131965637207 0.40067917108535767 0.24931976199150085 
292 14.660530090332031 0.39331763982772827 0.24813245236873627 
293 15.020391464233398 0.41102010011672974 0.24771752953529358 
294 15.179281234741211 0.44772574305534363 0.24132424592971802 
295 14.33814811706543 0.4108123481273651 0.24893632531166077 
296 14.44387435913086 0.4071500897407532 0.2513355612754822 
297 14.629454612731934 0.41524726152420044 0.24501298367977142 
298 14.304441452026367 0.398142009973526 0.24969787895679474 
299 14.611334800720215 0.4119237959384918 0.24525398015975952 
300 14.755827903747559 0.39912253618240356 0.24739015102386475 
301 14.681074142456055 0.41065511107444763 0.2501426637172699 
302 13.999261856079102 0.38564592599868774 0.25510597229003906 
303 14.773710250854492 0.42883655428886414 0.24337194859981537 
304 14.838359832763672 0.4151824712753296 0.2449323534965515 
305 15.10251522064209 0.4319514036178589 0.2401200532913208 
306 14.827404975891113 0.426695317029953 0.24276308715343475 
307 15.04175090789795 0.41012293100357056 0.2453944832086563 
308 14.253634452819824 0.38411787152290344 0.25213631987571716 
309 14.511258125305176 0.403572142124176 0.24810177087783813 
310 15.05907917022705 0.42257171869277954 0.24577496945858002 
311 14.600953102111816 0.41207069158554077 0.24178819358348846 
312 14.516789436340332 0.39796969294548035 0.24702444672584534 
313 14.932056427001953 0.40165749192237854 0.24723899364471436 
314 14.975234031677246 0.43823713064193726 0.23800407350063324 
315 14.700010299682617 0.4146522581577301 0.24425075948238373 
316 14.463447570800781 0.4034857451915741 0.24953560531139374 
317 14.621994972229004 0.4174099862575531 0.2442866563796997 
318 14.578836441040039 0.4078075587749481 0.24714399874210358 
319 14.959494590759277 0.43365657329559326 0.24557271599769592 
320 14.920328140258789 0.4166565239429474 0.2426484078168869 
321 14.750329971313477 0.41657546162605286 0.24504734575748444 
322 14.678764343261719 0.4056991934776306 0.24935971200466156 
323 14.775657653808594 0.4164811670780182 0.24842356145381927 
324 14.251838684082031 0.41413775086402893 0.2450789213180542 
325 14.38571834564209 0.4131718575954437 0.24230512976646423 
326 14.78557014465332 0.40654340386390686 0.24565176665782928 
327 14.506885528564453 0.41228845715522766 0.25048941373825073 
328 15.179065704345703 0.4391193091869354 0.24196749925613403 
329 14.561360359191895 0.4106749892234802 0.250369668006897 
330 14.364641189575195 0.40001380443573 0.25351616740226746 
331 14.609455108642578 0.4214983284473419 0.24265256524085999 
0 9.213444709777832 0.18597622215747833 0.30299660563468933 
332 14.553727149963379 0.4045923948287964 0.2467140108346939 
333 15.225669860839844 0.44216588139533997 0.24028797447681427 
1 9.937644958496094 0.2080659717321396 0.2834937274456024 
334 15.12870979309082 0.42401641607284546 0.24049828946590424 
2 10.510663032531738 0.21292118728160858 0.2708989679813385 
335 14.903311729431152 0.43927809596061707 0.24243678152561188 
336 14.693194389343262 0.4175538718700409 0.24300263822078705 
3 10.07763957977295 0.20108044147491455 0.2591470777988434 
337 14.756577491760254 0.40898457169532776 0.25110942125320435 
4 10.20521068572998 0.2157285064458847 0.2623927891254425 
338 14.69225025177002 0.4045972526073456 0.2498849630355835 
339 14.581094741821289 0.414468914270401 0.25217488408088684 
5 11.207446098327637 0.23792825639247894 0.2570628225803375 
340 14.33178424835205 0.3968638479709625 0.24910739064216614 
6 10.52896785736084 0.24263693392276764 0.25878244638442993 
341 14.739075660705566 0.41259780526161194 0.2475293129682541 
342 14.649259567260742 0.4192187488079071 0.2501269280910492 
7 11.18752384185791 0.2529495656490326 0.26105156540870667 
343 14.566245079040527 0.3995310962200165 0.2516498565673828 
344 14.986398696899414 0.4197695553302765 0.24392078816890717 
8 11.77121353149414 0.23174645006656647 0.25934258103370667 
345 14.605559349060059 0.40251901745796204 0.2477736622095108 
9 12.140921592712402 0.2383512258529663 0.2602503299713135 
346 14.751385688781738 0.41265732049942017 0.2480662316083908 
347 14.850013732910156 0.42490851879119873 0.2430841624736786 
10 12.465350151062012 0.261954128742218 0.25467175245285034 
348 14.595555305480957 0.4195818305015564 0.24273666739463806 
11 12.483499526977539 0.27096256613731384 0.2541405260562897 
349 14.852629661560059 0.41119474172592163 0.24615268409252167 
350 14.980846405029297 0.4200829267501831 0.24646779894828796 
12 12.160049438476562 0.23956771194934845 0.26159897446632385 
351 14.948833465576172 0.4187622666358948 0.2423325926065445 
13 12.183768272399902 0.22285468876361847 0.25619205832481384 
352 14.884572982788086 0.42108437418937683 0.24056002497673035 
353 14.756178855895996 0.4250941574573517 0.24241377413272858 
14 12.32927131652832 0.24924877285957336 0.2598762512207031 
354 14.959128379821777 0.43098393082618713 0.2434704452753067 
355 14.895109176635742 0.42282843589782715 0.24287937581539154 
15 12.374643325805664 0.25222936272621155 0.25678303837776184 
356 14.568596839904785 0.4058951735496521 0.2489674687385559 
16 11.889300346374512 0.23515595495700836 0.2611762285232544 
357 14.756468772888184 0.40344950556755066 0.24875293672084808 
358 14.06136703491211 0.39929699897766113 0.24879933893680573 
17 12.252556800842285 0.24936391413211823 0.2593080997467041 
359 14.306916236877441 0.4040977656841278 0.2462117224931717 
18 11.665007591247559 0.20886367559432983 0.2625451982021332 
360 14.319106101989746 0.3934648334980011 0.24747860431671143 
361 14.278568267822266 0.40593788027763367 0.24658292531967163 
19 12.294761657714844 0.22112588584423065 0.25684720277786255 
362 14.386189460754395 0.39449459314346313 0.25239723920822144 
363 14.618778228759766 0.4167468547821045 0.24366240203380585 
20 12.325118064880371 0.2038935273885727 0.25628727674484253 
364 14.451874732971191 0.4074153006076813 0.24429181218147278 
21 12.055150032043457 0.17236369848251343 0.26430651545524597 
365 14.651222229003906 0.4285717308521271 0.2441166341304779 
366 14.62108039855957 0.40132176876068115 0.24595676362514496 
22 12.37203598022461 0.16844122111797333 0.2641158103942871 
367 14.62656021118164 0.4145621657371521 0.24736791849136353 
23 11.98132610321045 0.17561839520931244 0.25963252782821655 
368 14.8234281539917 0.42752811312675476 0.24405798316001892 
369 14.585920333862305 0.4034261405467987 0.24895551800727844 
24 11.979948997497559 0.1791624128818512 0.2568032443523407 
370 15.001676559448242 0.4209478199481964 0.2469029277563095 
25 12.641436576843262 0.20536798238754272 0.25550031661987305 
371 14.724201202392578 0.41712018847465515 0.24832944571971893 
372 14.309747695922852 0.3904796838760376 0.24848003685474396 
26 12.533821105957031 0.21000778675079346 0.25642281770706177 
373 14.934379577636719 0.4147120416164398 0.24393340945243835 
374 15.024293899536133 0.4256570637226105 0.24284304678440094 
27 12.394550323486328 0.22014233469963074 0.2568696141242981 
375 14.819921493530273 0.4073888957500458 0.24596457183361053 
28 12.362027168273926 0.21418215334415436 0.25982826948165894 
376 14.65865421295166 0.4107587933540344 0.24722175300121307 
377 14.62092399597168 0.3929382562637329 0.25065913796424866 
29 12.977051734924316 0.24732138216495514 0.25305724143981934 
378 14.64107608795166 0.41256675124168396 0.24370597302913666 
30 12.89730453491211 0.25914350152015686 0.2537672817707062 
379 14.42745590209961 0.41336655616760254 0.24682718515396118 
380 15.093066215515137 0.43136897683143616 0.24023446440696716 
31 12.880860328674316 0.2603939473628998 0.2494802623987198 
381 14.871758460998535 0.41031479835510254 0.2442026287317276 
32 12.282157897949219 0.23314644396305084 0.25618821382522583 
382 14.507377624511719 0.4299425482749939 0.24121633172035217 
383 14.898665428161621 0.42151686549186707 0.24245043098926544 
33 11.673392295837402 0.15665607154369354 0.27609285712242126 
384 14.978918075561523 0.4322880506515503 0.24301478266716003 
34 11.270140647888184 0.1449391394853592 0.26860159635543823 
385 15.041954040527344 0.4253637492656708 0.24390138685703278 
386 14.856958389282227 0.42238059639930725 0.24606311321258545 
35 11.01749038696289 0.13402865827083588 0.2740461528301239 
387 14.414929389953613 0.40787026286125183 0.248168483376503 
36 11.779248237609863 0.17209425568580627 0.2657764256000519 
388 14.921395301818848 0.4313884675502777 0.24503743648529053 
389 14.641623497009277 0.42346927523612976 0.24163402616977692 
37 11.928837776184082 0.17802266776561737 0.2588842809200287 
390 14.531888008117676 0.38989412784576416 0.25148969888687134 
391 14.57127571105957 0.4087936580181122 0.24890807271003723 
38 12.279491424560547 0.19341610372066498 0.2525821626186371 
392 14.597474098205566 0.42473331093788147 0.24427013099193573 
39 11.71320915222168 0.15579257905483246 0.2596924602985382 
393 14.584013938903809 0.4183720350265503 0.2454606592655182 
394 14.838512420654297 0.430569589138031 0.24100348353385925 
40 11.702427864074707 0.1584094613790512 0.26061320304870605 
395 14.588846206665039 0.42384955286979675 0.2450897991657257 
41 11.285858154296875 0.15400399267673492 0.26397281885147095 
396 14.983530044555664 0.4242866337299347 0.24573883414268494 
397 14.626960754394531 0.40355706214904785 0.24961861968040466 
42 11.878945350646973 0.18880997598171234 0.26063022017478943 
398 14.846168518066406 0.41680535674095154 0.24738286435604095 
399 14.601078987121582 0.4208155870437622 0.242097407579422 
43 11.913627624511719 0.18629224598407745 0.25920531153678894 
400 14.64201545715332 0.40642017126083374 0.24467448890209198 
44 11.613028526306152 0.1760992407798767 0.2634940445423126 
401 15.004977226257324 0.42206236720085144 0.24400292336940765 
402 14.576848030090332 0.4194246828556061 0.24456758797168732 
45 11.928245544433594 0.19302606582641602 0.2594927251338959 
403 14.534181594848633 0.39788731932640076 0.25005826354026794 
46 12.274983406066895 0.21078597009181976 0.2571464478969574 
404 15.175312042236328 0.4162026643753052 0.24379821121692657 
405 14.69417667388916 0.4200880527496338 0.24366255104541779 
47 12.334845542907715 0.21761995553970337 0.26024651527404785 
406 14.43406867980957 0.4198656976222992 0.24014334380626678 
407 15.028959274291992 0.4329322576522827 0.2436513453722 
48 12.603835105895996 0.24120856821537018 0.25596413016319275 
408 14.418832778930664 0.4001913368701935 0.2471490055322647 
49 12.285663604736328 0.22137294709682465 0.25983062386512756 
409 14.672192573547363 0.39884334802627563 0.25093626976013184 
410 14.53984546661377 0.4225839674472809 0.24433179199695587 
50 11.9577054977417 0.2019476741552353 0.2635675072669983 
411 15.177935600280762 0.434488981962204 0.24077682197093964 
51 12.366463661193848 0.21894147992134094 0.2629339098930359 
412 15.081923484802246 0.4209631085395813 0.24401965737342834 
413 14.664460182189941 0.4305778741836548 0.24209487438201904 
52 12.461069107055664 0.23361104726791382 0.2606281638145447 
414 14.641221046447754 0.4119065999984741 0.24754184484481812 
415 14.720309257507324 0.41132041811943054 0.24585387110710144 
53 12.322274208068848 0.2174002230167389 0.2600826323032379 
416 14.517577171325684 0.4034002125263214 0.24856218695640564 
54 12.200010299682617 0.20348086953163147 0.26141631603240967 
417 14.510502815246582 0.4126153886318207 0.24613450467586517 
418 15.233850479125977 0.438057541847229 0.23689836263656616 
55 12.314007759094238 0.22789175808429718 0.2586350440979004 
419 14.968175888061523 0.4209258556365967 0.24239662289619446 
56 11.912632942199707 0.20797207951545715 0.26466134190559387 
420 14.608283042907715 0.412258118391037 0.2467220425605774 
421 14.825183868408203 0.42815154790878296 0.24460695683956146 
57 12.253985404968262 0.22759586572647095 0.26110389828681946 
422 14.892417907714844 0.4245982766151428 0.24832658469676971 
423 14.80159854888916 0.4313122034072876 0.24449242651462555 
58 12.012674331665039 0.21852275729179382 0.26307401061058044 
424 14.721344947814941 0.42300283908843994 0.24495604634284973 
59 11.959775924682617 0.2191631942987442 0.2608511745929718 
425 15.070029258728027 0.43871620297431946 0.2366141378879547 
426 14.712614059448242 0.4198273718357086 0.24675306677818298 
60 11.856795310974121 0.20611503720283508 0.26411500573158264 
427 14.709603309631348 0.4259241223335266 0.24364905059337616 
428 14.660371780395508 0.40334853529930115 0.24647727608680725 
61 12.211318016052246 0.22825370728969574 0.2599470019340515 
429 14.383429527282715 0.401395708322525 0.24581682682037354 
62 12.015759468078613 0.223987877368927 0.2592504918575287 
430 14.842774391174316 0.42735159397125244 0.241609588265419 
431 14.811656951904297 0.42696645855903625 0.24072855710983276 
63 12.489825248718262 0.2532331943511963 0.2620321810245514 
432 14.852862358093262 0.4116833806037903 0.24986472725868225 
64 12.46325969696045 0.2410793900489807 0.26076602935791016 
433 14.765251159667969 0.42515236139297485 0.2422313392162323 
434 15.089879989624023 0.4231817424297333 0.24203142523765564 
65 12.362266540527344 0.2357482612133026 0.2620793282985687 
435 14.617707252502441 0.4215187132358551 0.24472010135650635 
436 14.738532066345215 0.41378504037857056 0.2459191232919693 
66 12.406021118164062 0.24808022379875183 0.26329994201660156 
437 14.410738945007324 0.41266193985939026 0.24307943880558014 
67 12.448691368103027 0.2568485736846924 0.25820818543434143 
438 14.463418006896973 0.4073060154914856 0.24938906729221344 
439 15.12846565246582 0.420084685087204 0.2437700629234314 
68 12.232735633850098 0.24754568934440613 0.25816813111305237 
440 14.86503791809082 0.4157552123069763 0.24719403684139252 
69 11.881233215332031 0.22096587717533112 0.2634173631668091 
441 15.036246299743652 0.41968849301338196 0.24633994698524475 
442 15.416060447692871 0.4447498917579651 0.23684917390346527 
70 12.233503341674805 0.23838940262794495 0.2608708143234253 
443 14.600415229797363 0.40112853050231934 0.24927717447280884 
71 12.384807586669922 0.24386955797672272 0.26065975427627563 
444 14.999350547790527 0.43607985973358154 0.24397550523281097 
445 14.899580955505371 0.42236387729644775 0.2405792474746704 
72 12.509660720825195 0.2514863610267639 0.2579370439052582 
446 14.644700050354004 0.4045838713645935 0.2513573467731476 
73 12.901119232177734 0.2519586980342865 0.2582659125328064 
447 15.09261703491211 0.42298099398612976 0.24268941581249237 
448 14.819363594055176 0.421197772026062 0.24668921530246735 
74 12.372807502746582 0.24406956136226654 0.26045337319374084 
449 14.3930082321167 0.3975607454776764 0.24702075123786926 
450 14.62561321258545 0.41338613629341125 0.2509145140647888 
75 12.788812637329102 0.26266929507255554 0.2567294239997864 
451 14.876285552978516 0.41750776767730713 0.24360333383083344 
76 12.27386474609375 0.24213317036628723 0.25789791345596313 
452 14.232464790344238 0.4010438323020935 0.2488200068473816 
453 14.912579536437988 0.42001381516456604 0.241427943110466 
77 12.365846633911133 0.23334181308746338 0.26078441739082336 
454 14.821229934692383 0.4248780608177185 0.24640467762947083 
78 12.198203086853027 0.2348102480173111 0.26119399070739746 
455 14.755078315734863 0.42025208473205566 0.24421703815460205 
456 14.942569732666016 0.41845062375068665 0.2472768872976303 
79 11.992582321166992 0.21588417887687683 0.2610380947589874 
457 14.457048416137695 0.40243417024612427 0.24989037215709686 
458 14.688176155090332 0.4095996022224426 0.2459067404270172 
80 12.170601844787598 0.22556708753108978 0.2603132426738739 
459 14.491388320922852 0.4042499363422394 0.25260189175605774 
81 12.134881019592285 0.23985877633094788 0.26128607988357544 
460 14.8973970413208 0.4118606150150299 0.24834920465946198 
461 14.751855850219727 0.4146485924720764 0.2475229650735855 
82 12.222293853759766 0.23871415853500366 0.2613050043582916 
462 14.253837585449219 0.4135046899318695 0.24594315886497498 
83 12.373359680175781 0.24239122867584229 0.2613508999347687 
463 15.260836601257324 0.4370831847190857 0.24074095487594604 
464 14.568024635314941 0.4209485650062561 0.24660040438175201 
84 12.064369201660156 0.24005621671676636 0.26328036189079285 
465 14.859183311462402 0.41752707958221436 0.24418164789676666 
466 15.265966415405273 0.4382653534412384 0.24566413462162018 
85 12.56651782989502 0.26377949118614197 0.2541402578353882 
467 14.757164001464844 0.4201221168041229 0.24395135045051575 
86 12.570255279541016 0.2462134212255478 0.2577052116394043 
468 14.896576881408691 0.42560824751853943 0.24430541694164276 
469 14.951922416687012 0.43555739521980286 0.2458593249320984 
87 12.33791732788086 0.23510664701461792 0.26271525025367737 
470 14.548105239868164 0.4134144186973572 0.24623943865299225 
88 12.714104652404785 0.2530539333820343 0.2604129910469055 
471 14.889686584472656 0.4161749482154846 0.24329207837581635 
472 15.25582218170166 0.44481560587882996 0.23617827892303467 
89 12.649890899658203 0.2514623999595642 0.2591147720813751 
473 14.833025932312012 0.42034441232681274 0.24650783836841583 
474 14.611835479736328 0.4144976735115051 0.2429054081439972 
90 12.609989166259766 0.2547343969345093 0.25812581181526184 
475 14.519294738769531 0.4186960458755493 0.24676844477653503 
91 12.166461944580078 0.23114743828773499 0.26177579164505005 
476 15.139981269836426 0.42063677310943604 0.24620407819747925 
477 14.64904499053955 0.411203533411026 0.24506914615631104 
92 12.709364891052246 0.25191056728363037 0.25617823004722595 
478 15.280920028686523 0.4196302890777588 0.23883980512619019 
93 12.112733840942383 0.23118513822555542 0.26182007789611816 
479 14.752522468566895 0.4106692671775818 0.24745206534862518 
480 15.052705764770508 0.4317154288291931 0.241999089717865 
94 11.523258209228516 0.2043866664171219 0.2644045650959015 
481 14.602660179138184 0.3969481289386749 0.25086939334869385 
482 14.636506080627441 0.4021354615688324 0.2531000077724457 
95 11.79707145690918 0.2264360934495926 0.25996994972229004 
483 14.573149681091309 0.41066089272499084 0.2480171173810959 
96 11.871031761169434 0.23699496686458588 0.2561424672603607 
484 14.595358848571777 0.4188101291656494 0.24861784279346466 
485 14.794977188110352 0.41838496923446655 0.2459714114665985 
97 11.909472465515137 0.21778593957424164 0.25871458649635315 
486 14.428873062133789 0.40761029720306396 0.24784573912620544 
487 14.95633316040039 0.4105915129184723 0.24336248636245728 
98 11.998985290527344 0.22218380868434906 0.25939393043518066 
488 14.807323455810547 0.4183954894542694 0.24577024579048157 
99 12.618191719055176 0.236479252576828 0.2512768507003784 
489 14.906813621520996 0.4186130166053772 0.2445368468761444 
490 14.853590965270996 0.41383862495422363 0.24133358895778656 
100 12.40457820892334 0.2199433445930481 0.2576600909233093 
491 14.722167015075684 0.41325169801712036 0.24795009195804596 
101 12.133200645446777 0.21798957884311676 0.2590259611606598 
492 14.955585479736328 0.4332573413848877 0.24002674221992493 
493 14.817934036254883 0.4194793999195099 0.24274058640003204 
102 12.554481506347656 0.2339530885219574 0.2547990381717682 
494 14.909582138061523 0.42042285203933716 0.246848925948143 
495 14.627771377563477 0.4202917814254761 0.24749059975147247 
103 12.138154983520508 0.21193192899227142 0.2586781084537506 
496 14.388169288635254 0.39373111724853516 0.24853922426700592 
104 12.507108688354492 0.22363588213920593 0.2571203410625458 
497 14.691729545593262 0.4191148579120636 0.24809715151786804 
498 14.825339317321777 0.4214818775653839 0.24611152708530426 
105 12.411213874816895 0.2145715206861496 0.25748130679130554 
499 14.96469497680664 0.4207956790924072 0.24713486433029175 
500 14.57265853881836 0.3916313648223877 0.2510424554347992 
106 12.287376403808594 0.21339796483516693 0.256063312292099 
501 15.07765007019043 0.42736971378326416 0.2413007766008377 
107 12.185503005981445 0.2137121856212616 0.25401225686073303 
502 14.712874412536621 0.41020673513412476 0.24734802544116974 
503 14.59989070892334 0.39729785919189453 0.2459772229194641 
108 12.242445945739746 0.21132123470306396 0.2590862810611725 
504 14.758606910705566 0.40879637002944946 0.24738070368766785 
109 11.683109283447266 0.19737139344215393 0.25791776180267334 
505 14.504687309265137 0.425554484128952 0.2456933856010437 
506 14.759810447692871 0.42024147510528564 0.24155201017856598 
110 11.567947387695312 0.20637255907058716 0.2615722417831421 
507 15.315972328186035 0.4380113184452057 0.24193625152111053 
508 14.98645305633545 0.4263561964035034 0.2431032508611679 
111 11.598237991333008 0.20657938718795776 0.26176223158836365 
509 14.260446548461914 0.39882320165634155 0.2530089318752289 
112 12.01432991027832 0.2113625556230545 0.2594279944896698 
510 14.490882873535156 0.39036989212036133 0.24925346672534943 
511 14.502336502075195 0.40539970993995667 0.24774739146232605 
113 11.882841110229492 0.2121627926826477 0.25857987999916077 
512 14.834576606750488 0.4033489525318146 0.24705937504768372 
114 11.842608451843262 0.22847023606300354 0.2564956247806549 
513 14.633857727050781 0.4117327630519867 0.2517666220664978 
514 14.582523345947266 0.39237281680107117 0.2482714056968689 
115 12.057137489318848 0.21727733314037323 0.2582951784133911 
515 14.405003547668457 0.41340872645378113 0.24531516432762146 
116 12.355463027954102 0.24613302946090698 0.254059761762619 
516 14.545755386352539 0.41555798053741455 0.24624937772750854 
517 14.618477821350098 0.4149070382118225 0.24505920708179474 
117 12.394372940063477 0.2496480792760849 0.2538118064403534 
518 14.574511528015137 0.4000970423221588 0.24842356145381927 
519 15.044763565063477 0.4226890206336975 0.24566993117332458 
118 12.462664604187012 0.26066920161247253 0.2507224977016449 
520 14.775753021240234 0.40828654170036316 0.2486327588558197 
119 12.516748428344727 0.2548886239528656 0.25429296493530273 
521 14.800882339477539 0.42312565445899963 0.24837146699428558 
522 14.71081256866455 0.4159529209136963 0.24522942304611206 
120 12.52971076965332 0.24640755355358124 0.25407299399375916 
523 15.1637544631958 0.4323252737522125 0.24114038050174713 
121 12.443325996398926 0.24924787878990173 0.2542315125465393 
524 15.193236351013184 0.4386862814426422 0.2362726926803589 
525 14.86512565612793 0.41531842947006226 0.24660883843898773 
122 12.521333694458008 0.24749885499477386 0.2554112672805786 
526 14.777230262756348 0.40646687150001526 0.2451758086681366 
527 14.453740119934082 0.3989720940589905 0.24786418676376343 
123 12.423766136169434 0.24445323646068573 0.25607162714004517 
528 14.85452938079834 0.43603917956352234 0.2415546178817749 
124 12.091419219970703 0.23424121737480164 0.25948214530944824 
529 14.898221015930176 0.43036338686943054 0.24204280972480774 
530 14.861486434936523 0.4242115616798401 0.24334847927093506 
125 12.333823204040527 0.24259434640407562 0.2574484944343567 
531 14.41701889038086 0.4056321084499359 0.24723199009895325 
532 15.021810531616211 0.4273059070110321 0.24276000261306763 
126 12.251910209655762 0.24622292816638947 0.25977906584739685 
127 12.429231643676758 0.2531502842903137 0.256246417760849 
533 15.148006439208984 0.4455992877483368 0.23839448392391205 
534 14.824332237243652 0.41785553097724915 0.2453995943069458 
535 14.945789337158203 0.4296729862689972 0.24504809081554413 
536 14.68015193939209 0.4060346782207489 0.2492469847202301 
537 15.166108131408691 0.4303186237812042 0.2425469160079956 
538 14.497358322143555 0.39944958686828613 0.25507524609565735 
539 14.893392562866211 0.4191287159919739 0.24429363012313843 
540 14.693596839904785 0.4138108789920807 0.24759303033351898 
541 14.601750373840332 0.4071771800518036 0.24682463705539703 
542 14.703351020812988 0.4184921085834503 0.24677807092666626 
543 14.53139877319336 0.40168389678001404 0.2453782707452774 
544 14.650595664978027 0.4313679039478302 0.24058622121810913 
545 14.81283187866211 0.4268604516983032 0.24424050748348236 
546 15.235466003417969 0.42990583181381226 0.24029099941253662 
547 15.026918411254883 0.4411458671092987 0.23870201408863068 
548 15.042991638183594 0.42244935035705566 0.24080505967140198 
549 15.058575630187988 0.4389173984527588 0.23880796134471893 
550 14.94619083404541 0.4196152091026306 0.24733613431453705 
551 14.340278625488281 0.41380539536476135 0.24480582773685455 
552 14.898271560668945 0.43223926424980164 0.23857660591602325 
553 14.86392593383789 0.43164119124412537 0.23926220834255219 
554 14.998929977416992 0.4416530132293701 0.2388559728860855 
555 14.755356788635254 0.42401087284088135 0.2454949915409088 
556 14.470414161682129 0.4009445011615753 0.25011977553367615 
557 14.588970184326172 0.40524011850357056 0.24712659418582916 
558 14.750630378723145 0.4166589081287384 0.24226795136928558 
559 15.311638832092285 0.44349902868270874 0.23882527649402618 
560 14.893292427062988 0.43997377157211304 0.2415134459733963 
561 14.9786958694458 0.4407041668891907 0.23609933257102966 
562 14.842999458312988 0.43290483951568604 0.24464870989322662 
563 14.48643684387207 0.3920028805732727 0.25176936388015747 
564 14.726545333862305 0.42194610834121704 0.24661371111869812 
565 15.107906341552734 0.4256661534309387 0.24442064762115479 
127 8.612909317016602 0.16663050651550293 0.28779658675193787 
566 14.544471740722656 0.4041792154312134 0.2493966966867447 
567 14.713912010192871 0.4045598804950714 0.2480921596288681 
128 10.39693546295166 0.2414436638355255 0.28202471137046814 
568 14.763694763183594 0.41972795128822327 0.24858859181404114 
569 14.98427677154541 0.4297672510147095 0.24306298792362213 
129 10.755316734313965 0.22666218876838684 0.2641560137271881 
570 14.758061408996582 0.4104918837547302 0.24565190076828003 
130 10.881705284118652 0.23286378383636475 0.25291022658348083 
571 15.096335411071777 0.42163965106010437 0.2415318638086319 
572 15.066097259521484 0.4274543523788452 0.2445756494998932 
131 11.112312316894531 0.23085375130176544 0.25503644347190857 
573 14.729233741760254 0.4087880253791809 0.24835392832756042 
574 14.94740104675293 0.42398035526275635 0.24347557127475739 
132 11.215916633605957 0.2491113543510437 0.26088574528694153 
575 14.629785537719727 0.40858039259910583 0.24785712361335754 
133 11.35468864440918 0.27840709686279297 0.25800150632858276 
576 14.938565254211426 0.4425719976425171 0.23636488616466522 
577 14.57560920715332 0.3902702033519745 0.25255510210990906 
578 14.438189506530762 0.41382819414138794 0.24829377233982086 
127 8.837594985961914 0.1882973313331604 0.3067065477371216 
579 14.682791709899902 0.4061896800994873 0.2455764263868332 
